Output from NeEstimator v.2
Starting time: Thu Sep 18 14:55:53 2025
Input File: "30kSNPs_genepop_mod.txt"

Number of Loci = 29403


HETEROZYGOTE-EXCESS METHOD

Lowest allele frequency used:    0.0500
Up to 17 righmost characters can be shown for population names.
----------------------------------------------------------------------------------
Population Number  Samp  Harmonic   #Indep.     D          Ne          CIs for Ne
followed by :Name  Size  Mean Size  Alleles                            Parametric
----------------------------------------------------------------------------------
1:P0195_i7---UDP0    45     43.7    28461   0.31603        2.0       1.9       2.0
2:P0241_i7---UDP0    46     44.3    28376   0.30197        2.0       2.0       2.1
3:P0193_i7---UDP0    33     31.7    27981   0.29745        2.1       2.1       2.1
4:P0228_i7---UDP0    33     32.1    28112   0.31755        2.0       1.9       2.0
5:P0263_i7---UDP0    34     31.7    27754   0.26820        2.3       2.2       2.3
6:P0193_i7---UDP0    35     33.4    27802   0.28428        2.1       2.1       2.2
7:P0228_i7---UDP0    34     33.0    28075   0.31134        2.0       2.0       2.0
8:P0265_i7---UDP0    23     21.4    27080   0.25224        2.4       2.4       2.4
9:P0193_i7---UDP0    36     34.7    28144   0.30697        2.0       2.0       2.0
10:0233_i7---UDP0    35     33.7    28001   0.30359        2.0       2.0       2.0
11:0264_i7---UDP0    23     22.4    27651   0.31346        2.0       2.0       2.0
12:0193_i7---UDP0    34     32.6    28037   0.29644        2.1       2.1       2.1
13:0228_i7---UDP0    43     40.7    28022   0.27566        2.2       2.2       2.2
14:0097_i7---UDP0    33     31.6    27793   0.28816        2.1       2.1       2.1
15:0132_i7---UDP0    35     33.8    28189   0.31526        2.0       2.0       2.0
16:0167_i7---UDP0    34     32.6    27908   0.29562        2.1       2.1       2.1
17:0107_i7---UDP0    27     26.3    28125   0.31685        2.0       1.9       2.0
18:0142_i7---UDP0    35     34.2    28251   0.32480        1.9       1.9       1.9
19:0177_i7---UDP0    14     13.2    26398   0.27009        2.2       2.2       2.3
20:0193_i7---UDP0    45     43.4    28228   0.30657        2.0       2.0       2.0
21:0289_i7---UDP0    27     26.2    28111   0.30956        2.0       2.0       2.0
22:0097_i7---UDP0    20     18.1    26873   0.21539        2.7       2.7       2.8
23:0117_i7---UDP0    31     26.6    26232   0.18369        3.1       3.1       3.2
24:0152_i7---UDP0    35     31.2    26665   0.20710        2.8       2.8       2.9
25:0187_i7---UDP0    35     32.8    27401   0.25099        2.4       2.4       2.4
26:0127_i7---UDP0    33     31.3    27607   0.26805        2.3       2.2       2.3
27:0162_i7---UDP0    35     33.1    27591   0.26906        2.3       2.2       2.3
